61
66
70
76
97
97
114
68
127
130
71
138
92
135
120
125
247
804
805
806
137
249
101
178
227
154
234
181
157
903
897
899
898
897
900
929
913
915
915
917
909
916
897
900
901
905
906
903
906
914
935
916
930
937
963
932
217
921
924
924
922
928
143
931
930
222
143
176
148
228
244
258
153
206
205
210
207
211
189
211
199
212
185
200
107
156
161
157
166
167
168
170
205
200
209
191
193
197
195
197
203
187
193
242
192
1056
1032
1032
1044
200
198
216
189
223
184
176
166
213
225
176
208
260
127
132
117
208
1041
188
232
239
185
150
161
391
1048
1048
1062
1021
1021
195
1026
217
154
165
1030
1032
1036
1038
1040
1040
1041
1043
1045
266
1047
1077
1052
1024
1054
1027
1066
1054
1020
1040
1037
1037
1037
1048
1046
1021
1063
1083
1070
1058
1075
1089
1076
1082
1057
1098
1067
1073
71
386
381
353
353
342
389
342
365
368
344
347
369
357
282
386
298
298
314
313
330
332
341
350
346
360
363
371
371
290
389
314
329
326
288
333
293
294
300
319
317
374
294
304
325
319
339
1160
323
358
333
382
338
352
366
299
1153
375
422
1167
1170
1170
366
1147
391
346
1186
336
336
342
326
369
356
316
330
310
326
336
379
1148
304
1155
351
355
1175
342
291
309
381
379
377
304
311
345
339
201
315
302
1162
320
359
291
1169
1144
336
1145
361
375
1148
373
322
386
376
386
1153
1173
1155
1156
1159
1175
1178
1158
309
309
284
1165
382
1184
1184
1171
1171
1207
1173
1200
1203
1165
1209
1190
1159
1221
1193
1196
1177
1161
1197
1218
1195
1185
1214
1210
1184
1206
1214
349
292
104
108
474
363
451
408
418
399
405
407
411
417
421
437
428
441
444
454
402
394
400
419
432
402
441
446
438
440
455
417
464
394
396
397
409
425
434
429
415
445
454
413
448
443
453
404
419
449
399
411
406
435
446
423
512
413
372
426
458
415
414
297
438
498
432
451
498
394
494
513
493
397
509
492
506
389
1289
1268
1278
498
498
1280
504
488
488
502
497
426
436
501
512
509
464
429
433
505
489
494
1278
1281
429
509
512
172
403
412
394
421
450
405
606
529
538
534
524
525
524
526
537
532
600
607
521
129
567
570
575
577
578
591
586
586
566
582
567
529
535
568
591
579
584
527
553
545
623
576
532
582
591
604
623
577
528
502
562
492
613
631
612
621
604
597
639
570
562
641
559
1393
614
626
620
582
615
543
521
551
582
586
523
625
593
545
555
237
521
591
599
631
521
593
595
571
595
737
807
691
702
676
672
646
674
676
652
654
674
808
646
673
673
677
683
688
650
694
671
650
721
657
676
654
714
654
658
731
649
670
657
595
646
691
695
691
696
647
649
715
692
690
664
670
720
789
810
572
610
610
547
598
600
677
694
789
784
800
811
796
859
800
847
778
785
800
796
776
789
778
470
463
1518
561
280
457
833
776
779
804
825
829
826
836
805
825
778
820
919
792
825
853
844
818
825
873
775
720
713
1523
690
543
1527
870
1527
596
488
1539
889
840
855
883
1530
1533
869
1537
1535
885
732
889
847
865
1547
780
1592
834
805
864
881
820
852
1530
1576
1534
1534
1535
1539
1545
1543
1523
716
759
1384
884
863
887
835
785
1552
1554
1555
1519
1520
1566
1526
1526
1527
1528
1570
1267
1536
1580
1539
1545
1583
1583
1542
1544
1576
1523
1534
1532
1575
1597
1562
1608
1583
1606
682
923
939
859
941
962
969
559
929
967
981
963
968
977
614
940
958
963
631
974
980
950
973
939
1264
710
539
1103
1084
1116
1058
1120
1092
725
1085
1106
959
965
970
957
1013
991
1644
1646
1262
1646
1647
1652
1653
763
982
984
1643
959
446
1000
1516
966
1014
1658
1011
996
989
1649
1662
1653
1646
1643
1654
1648
1644
1647
1643
1645
1645
758
664
699
1274
283
962
761
1504
1280
1394
987
878
957
1297
758
1277
1290
1482
1282
1296
723
1479
1413
1476
682
1490
1504
1514
1404
1082
879
1009
766
1516
876
1399
872
1123
1285
1297
1301
1321
1337
1323
1271
1288
1276
1314
1296
1485
1486
1506
1483
1396
1263
1412
1481
1445
1315
1397
1213
1084
1292
1322
1414
1516
1325
1373
1506
1474
1493
1493
1382
1383
1089
1505
1371
1514
1502
999
1496
1210
1477
1513
1497
1410
1328
1406
1426
1639
1311
1421
1327
1302
1325
1302
1310
1410
1404
1514
1331
1395
1406
1429
1217
1404
1416
1486
1421
1485
1016
1494
993
1507
1488
1446
1292
1441
1487
1597
1337
1450
1503
1679
1507
1507
1479
1016
1130
1266
1363
1458
1310
1510
1302
1337
1311
1414
1516
873
1478
1430
1497
1494
1419
983
1014
1677
1650
1473
1361
1333
1404
1443
1431
1400
1452
1652
1005
1480
1502
1484
1497
1492
1117
1439
1423
1382
1443
1446
1676
1514
1515
1493
1348
1441
1003
1658
1680
1676
1685
1712
1109
1461
1447
1595
1458
1490
1649
1386
1502
1419
1434
1111
1447
1443
1441
1432
1515
1509
1641
1459
1442
1478
1639
1430
1446
1695
1564
1678
1571
1428
1650
1678
1381
1609
1720
1432
1437
1692
1720
1641
1677
1678
1490
1479
1701
1382
1640
1649
1432
1697
1711
1652
1679
1718
1677
1508
1466
1599
1663
1710
1726
1646
1537
1671
1665
1719
1680
1581
1710
1374
1671
1729
1657
1713
1676
1714
1687
28
16
15
15
15
15
17
14
22
17
17
18
19
15
15
17
